#PATH-POINTS-START Path 1
-135.336,3.551,120,270
-133.363,3.289,120
-131.564,2.431,120
-130.015,1.171,120
-128.697,-0.33,120
-127.567,-1.98,120
-126.589,-3.724,120
-125.733,-5.531,120
-124.982,-7.384,120
-124.318,-9.271,120
-123.731,-11.183,120
-123.211,-13.114,120
-122.751,-15.06,120
-122.347,-17.019,120
-121.992,-18.987,120
-121.685,-20.963,120
-121.421,-22.946,120
-121.197,-24.933,120
-121.012,-26.924,120
-120.864,-28.919,120
-120.751,-30.916,120
-120.671,-32.914,120
-120.625,-34.913,120
-120.609,-36.913,120
-120.623,-38.913,120
-120.656,-40.492,120,0
-120.656,-40.492,0,0
#PATH-POINTS-START Path 2
-120.656,-40.492,120,0
-118.86,-41.372,120
-117.037,-42.194,120
-115.183,-42.945,120
-113.298,-43.612,120
-111.38,-44.178,120
-109.431,-44.625,120
-107.456,-44.939,120
-105.464,-45.113,120
-103.465,-45.163,120
-101.466,-45.126,120
-99.467,-45.063,120
-97.467,-45.04,120
-95.468,-45.115,120
-93.479,-45.319,120
-91.51,-45.663,120
-89.567,-46.137,120
-87.656,-46.726,120
-85.778,-47.413,120
-83.931,-48.18,120
-82.114,-49.016,120
-80.71,-49.71,120,120
-80.71,-49.71,0,120
#PATH-POINTS-START Path 3
-80.71,-49.71,120,120
-79.919,-51.547,120
-79.128,-53.384,120
-78.336,-55.22,120
-77.545,-57.057,120
-76.754,-58.894,120
-75.963,-60.731,120
-75.171,-62.568,120
-74.38,-64.405,120
-73.589,-66.241,120
-72.798,-68.078,120
-72.006,-69.915,120
-71.215,-71.752,120
-70.424,-73.589,120
-69.633,-75.426,120
-68.841,-77.262,120
-68.05,-79.099,120
-67.259,-80.936,120
-66.468,-82.773,120
-65.676,-84.61,120
-64.885,-86.447,120
-64.094,-88.283,120
-63.303,-90.12,120
-62.511,-91.957,120
-61.591,-94.094,120,180
-61.591,-94.094,0,180
#PATH-POINTS-START Path 4
-61.591,-94.094,120,180
-60.107,-95.434,120
-58.623,-96.775,120
-57.138,-98.115,120
-55.654,-99.456,120
-54.17,-100.796,120
-52.686,-102.137,120
-51.202,-103.478,120
-49.717,-104.818,120
-48.233,-106.159,120
-46.749,-107.499,120
-45.265,-108.84,120
-43.781,-110.181,120
-42.296,-111.521,120
-40.812,-112.862,120
-39.328,-114.202,120
-37.844,-115.543,120
-36.36,-116.883,120
-34.875,-118.224,120
-33.391,-119.565,120
-31.907,-120.905,120
-30.423,-122.246,120
-28.939,-123.586,120
-27.454,-124.927,120
-25.97,-126.267,120
-24.486,-127.608,120
-23.002,-128.949,120
-21.518,-130.289,120
-20.033,-131.63,120
-19.256,-132.332,120,120
-19.256,-132.332,0,120
#PATH-POINTS-START Path 5
-19.256,-132.332,120,120
-21.228,-131.998,120
-23.199,-131.664,120
-25.171,-131.329,120
-27.143,-130.995,120
-29.115,-130.661,120
-31.087,-130.327,120
-33.059,-129.992,120
-35.031,-129.658,120
-37.003,-129.324,120
-38.975,-128.99,120
-40.946,-128.656,120
-42.918,-128.321,120
-44.89,-127.987,120
-46.862,-127.653,120
-48.834,-127.319,120
-50.806,-126.985,120
-52.778,-126.65,120
-54.75,-126.316,120
-56.721,-125.982,120
-58.693,-125.648,120
-60.665,-125.313,120
-62.637,-124.979,120
-64.609,-124.645,120
-66.581,-124.311,120
-68.553,-123.977,120
-70.525,-123.642,120
-72.496,-123.308,120
-74.468,-122.974,120
-76.44,-122.64,120
-78.412,-122.305,120
-80.384,-121.971,120
-82.356,-121.637,120
-84.328,-121.303,120
-86.3,-120.969,120
-88.271,-120.634,120
-90.243,-120.3,120
-92.215,-119.966,120
-94.187,-119.632,120
-96.159,-119.298,120
-98.131,-118.963,120
-99.829,-118.675,120,270
-99.829,-118.675,0,270
#PATH-POINTS-START Path
-99.829,-118.675,120,270
-101.829,-118.675,120
-103.829,-118.675,120
-105.829,-118.675,120
-107.829,-118.675,120
-109.829,-118.675,120
-111.829,-118.675,120
-113.829,-118.675,120
-115.829,-118.675,120
-117.829,-118.675,120
-119.829,-118.675,120
-121.829,-118.675,120
-123.829,-118.675,120
-125.829,-118.675,120
-127.829,-118.675,120
-129.829,-118.675,120
-130.557,-118.675,120,270
-130.557,-118.675,0,270
#PATH-POINTS-START Path
-130.557,-118.675,120,270
-129.242,-120.183,120
-127.928,-121.691,120
-126.614,-123.198,120
-125.3,-124.706,120
-123.985,-126.213,120
-122.671,-127.721,120
-121.357,-129.228,120
-120.042,-130.736,120
-118.949,-131.991,120,180
-118.949,-131.991,0,180
#PATH-POINTS-START Path
-118.949,-131.991,120,180
-120.539,-133.203,120
-122.129,-134.416,120
-123.719,-135.629,120
-125.31,-136.842,120
-126.9,-138.055,120
-128.49,-139.268,120
-130.08,-140.481,120
-131.671,-141.694,120
-133.261,-142.907,120
-134.851,-144.12,120
-136.441,-145.332,120
-138.031,-146.545,120
-139.622,-147.758,120
-141.212,-148.971,120
-142.802,-150.184,120
-144.392,-151.397,120
-145.983,-152.61,120
-147.573,-153.823,120
-149.163,-155.036,120
-150.753,-156.249,120
-152.344,-157.461,120
-153.934,-158.674,120
-155.524,-159.887,120
-157.114,-161.1,120
-158.705,-162.313,120
-159.235,-162.718,120,45
-159.235,-162.718,0,45
#PATH-POINTS-START Path
-159.235,-162.718,120,45
-158.833,-160.759,120
-158.43,-158.8,120
-158.027,-156.841,120
-157.624,-154.882,120
-157.221,-152.923,120
-156.819,-150.964,120
-156.416,-149.005,120
-156.013,-147.046,120
-155.61,-145.087,120
-155.208,-143.128,120
-154.805,-141.169,120
-154.402,-139.21,120
-153.999,-137.251,120
-153.596,-135.291,120
-153.194,-133.332,120
-152.791,-131.373,120
-152.388,-129.414,120
-151.985,-127.455,120
-151.583,-125.496,120
-151.18,-123.537,120
-150.777,-121.578,120
-150.374,-119.619,120
-149.971,-117.66,120
-149.569,-115.701,120
-149.166,-113.742,120
-148.763,-111.783,120
-148.36,-109.824,120
-147.958,-107.865,120
-147.555,-105.906,120
-147.152,-103.947,120
-146.749,-101.988,120
-146.346,-100.029,120
-145.944,-98.07,120
-145.541,-96.111,120
-145.138,-94.152,120
-144.735,-92.193,120
-144.333,-90.234,120
-143.93,-88.275,120
-143.527,-86.316,120
-143.124,-84.357,120
-142.721,-82.398,120
-142.319,-80.439,120
-141.916,-78.48,120
-141.513,-76.521,120
-141.11,-74.562,120
-140.707,-72.603,120
-140.305,-70.644,120
-139.902,-68.685,120
-139.499,-66.726,120
-139.096,-64.767,120
-138.694,-62.808,120
-138.291,-60.849,120
-137.888,-58.89,120
-137.485,-56.931,120
-137.082,-54.972,120
-136.68,-53.013,120
-136.277,-51.054,120
-135.874,-49.095,120
-135.471,-47.135,120
-135.069,-45.176,120
-134.666,-43.217,120
-134.263,-41.258,120
-133.86,-39.299,120
-133.457,-37.34,120
-133.055,-35.381,120
-132.652,-33.422,120
-132.249,-31.463,120
-131.846,-29.504,120
-131.444,-27.545,120
-131.041,-25.586,120
-130.638,-23.627,120
-130.235,-21.668,120
-129.832,-19.709,120
-129.43,-17.75,120
-129.027,-15.791,120
-128.624,-13.832,120
-128.221,-11.873,120
-127.819,-9.914,120
-127.416,-7.955,120
-127.013,-5.996,120
-126.61,-4.037,120
-126.207,-2.078,120
-125.805,-0.119,120
-125.402,1.84,120
-124.999,3.799,120
-124.596,5.758,120
-124.194,7.717,120
-123.791,9.676,120
-123.388,11.635,120
-122.985,13.594,120
-122.582,15.553,120
-122.18,17.512,120
-121.777,19.471,120
-121.374,21.43,120
-120.971,23.389,120
-120.568,25.348,120
-120.166,27.307,120
-119.631,29.908,120,180
-119.631,29.908,0,180
#PATH-POINTS-START Path 2
-119.631,29.908,120,180
-117.848,30.815,120
-116.066,31.722,120
-114.283,32.629,120
-112.501,33.536,120
-110.718,34.443,120
-108.936,35.349,120
-107.153,36.256,120
-105.371,37.163,120
-103.588,38.07,120
-101.805,38.977,120
-100.023,39.884,120
-98.24,40.791,120
-96.458,41.698,120
-94.675,42.605,120
-92.893,43.512,120
-91.11,44.419,120
-89.328,45.326,120
-87.545,46.232,120
-85.762,47.139,120
-83.98,48.046,120
-82.197,48.953,120
-80.71,49.71,120,60
-80.71,49.71,0,60
#PATH-POINTS-START Path 3
-80.71,49.71,120,60
-79.919,51.547,120
-79.128,53.383,120
-78.336,55.22,120
-77.545,57.057,120
-76.754,58.894,120
-75.963,60.731,120
-75.171,62.568,120
-74.38,64.404,120
-73.589,66.241,120
-72.798,68.078,120
-72.006,69.915,120
-71.215,71.752,120
-70.424,73.589,120
-69.633,75.425,120
-68.841,77.262,120
-68.05,79.099,120
-67.259,80.936,120
-66.468,82.773,120
-65.677,84.61,120
-64.885,86.446,120
-64.094,88.283,120
-63.303,90.12,120
-62.512,91.957,120
-61.591,94.094,120,0
-61.591,94.094,0,0
#PATH-POINTS-START Path 4
-61.591,94.094,120,0
-60.107,95.434,120
-58.623,96.775,120
-57.138,98.115,120
-55.654,99.456,120
-54.17,100.796,120
-52.686,102.137,120
-51.202,103.478,120
-49.717,104.818,120
-48.233,106.159,120
-46.749,107.499,120
-45.265,108.84,120
-43.781,110.181,120
-42.296,111.521,120
-40.812,112.862,120
-39.328,114.202,120
-37.844,115.543,120
-36.36,116.883,120
-34.875,118.224,120
-33.391,119.565,120
-31.907,120.905,120
-30.423,122.246,120
-28.939,123.586,120
-27.454,124.927,120
-25.97,126.267,120
-24.486,127.608,120
-23.002,128.949,120
-21.518,130.289,120
-20.033,131.63,120
-19.256,132.332,120,40
-19.256,132.332,0,40
#PATH-POINTS-START Path 5
-19.256,132.332,120,40
-21.228,131.998,120
-23.199,131.664,120
-25.171,131.329,120
-27.143,130.995,120
-29.115,130.661,120
-31.087,130.327,120
-33.059,129.992,120
-35.031,129.658,120
-37.003,129.324,120
-38.975,128.99,120
-40.946,128.656,120
-42.918,128.321,120
-44.89,127.987,120
-46.862,127.653,120
-48.834,127.319,120
-50.806,126.985,120
-52.778,126.65,120
-54.75,126.316,120
-56.721,125.982,120
-58.693,125.648,120
-60.665,125.313,120
-62.637,124.979,120
-64.609,124.645,120
-66.581,124.311,120
-68.553,123.977,120
-70.525,123.642,120
-72.496,123.308,120
-74.468,122.974,120
-76.44,122.64,120
-78.412,122.305,120
-80.384,121.971,120
-82.356,121.637,120
-84.328,121.303,120
-86.3,120.969,120
-88.271,120.634,120
-90.243,120.3,120
-92.215,119.966,120
-94.187,119.632,120
-96.159,119.298,120
-98.131,118.963,120
-99.829,118.675,120,270
-99.829,118.675,0,270
#PATH-POINTS-START Path
-99.829,118.675,120,270
-101.829,118.675,120
-103.829,118.675,120
-105.829,118.675,120
-107.829,118.675,120
-109.829,118.675,120
-111.829,118.675,120
-113.829,118.675,120
-115.829,118.675,120
-117.829,118.675,120
-119.829,118.675,120
-121.829,118.675,120
-123.829,118.675,120
-125.829,118.675,120
-127.829,118.675,120
-129.829,118.675,120
-130.557,118.675,120,270
-130.557,118.675,0,270
#PATH-POINTS-START Path
-130.557,118.675,120,270
-129.242,120.183,120
-127.928,121.691,120
-126.614,123.198,120
-125.3,124.706,120
-123.985,126.213,120
-122.671,127.721,120
-121.357,129.228,120
-120.042,130.736,120
-118.949,131.991,120,0
-118.949,131.991,0,0
#PATH-POINTS-START Path
-118.949,131.991,120,0
-120.539,133.203,120
-122.129,134.416,120
-123.719,135.629,120
-125.31,136.842,120
-126.9,138.055,120
-128.49,139.268,120
-130.08,140.481,120
-131.671,141.694,120
-133.261,142.907,120
-134.851,144.12,120
-136.441,145.332,120
-138.031,146.545,120
-139.622,147.758,120
-141.212,148.971,120
-142.802,150.184,120
-144.392,151.397,120
-145.983,152.61,120
-147.573,153.823,120
-149.163,155.036,120
-150.753,156.249,120
-152.344,157.461,120
-153.934,158.674,120
-155.524,159.887,120
-157.114,161.1,120
-158.705,162.313,120
-159.235,162.718,120,125
-159.235,162.718,0,125
#PATH-POINTS-START Path
-159.235,162.718,120,125
-157.411,161.898,120
-155.587,161.078,120
-153.763,160.258,120
-151.938,159.438,120
-150.114,158.619,120
-148.29,157.799,120
-146.466,156.979,120
-144.641,156.159,120
-142.817,155.339,120
-140.993,154.519,120
-139.169,153.7,120
-137.344,152.88,120
-135.52,152.06,120
-133.696,151.24,120
-131.872,150.42,120
-130.048,149.6,120
-128.223,148.78,120
-126.399,147.961,120
-124.575,147.141,120
-122.751,146.321,120
-120.926,145.501,120
-119.102,144.681,120
-117.278,143.861,120
-115.454,143.042,120
-113.629,142.222,120
-111.805,141.402,120
-109.981,140.582,120
-108.157,139.762,120
-106.332,138.942,120
-104.508,138.123,120
-102.684,137.303,120
-100.86,136.483,120
-99.035,135.663,120
-97.211,134.843,120
-95.387,134.023,120
-93.563,133.203,120
-91.738,132.384,120
-89.914,131.564,120
-88.09,130.744,120
-86.266,129.924,120
-84.441,129.104,120
-82.617,128.284,120
-80.793,127.465,120
-78.969,126.645,120
-77.145,125.825,120
-75.32,125.005,120
-73.496,124.185,120
-71.672,123.365,120
-69.848,122.546,120
-68.023,121.726,120
-66.199,120.906,120
-64.375,120.086,120
-62.551,119.266,120
-60.726,118.446,120
-58.902,117.626,120
-57.078,116.807,120
-55.254,115.987,120
-53.429,115.167,120
-51.605,114.347,120
-49.781,113.527,120
-47.957,112.707,120
-46.132,111.888,120
-44.308,111.068,120
-42.484,110.248,120
-40.66,109.428,120
-38.835,108.608,120
-37.011,107.788,120
-35.187,106.968,120
-33.363,106.149,120
-31.538,105.329,120
-29.714,104.509,120
-27.89,103.689,120
-26.066,102.869,120
-24.241,102.049,120
-22.417,101.23,120
-20.593,100.41,120
-18.769,99.59,120
-16.945,98.77,120
-15.12,97.95,120
-13.296,97.13,120
-11.472,96.311,120
-9.648,95.491,120
-7.823,94.671,120
-5.999,93.851,120
-4.175,93.031,120
-2.351,92.211,120
-0.526,91.391,120
1.298,90.572,120
3.122,89.752,120
4.946,88.932,120
6.771,88.112,120
8.595,87.292,120
10.419,86.472,120
12.243,85.653,120
14.068,84.833,120
15.892,84.013,120
17.716,83.193,120
19.54,82.373,120
21.365,81.553,120
23.189,80.734,120
25.013,79.914,120
26.837,79.094,120
28.662,78.274,120
30.486,77.454,120
32.31,76.634,120
34.134,75.814,120
35.958,74.995,120
37.783,74.175,120
39.607,73.355,120
41.431,72.535,120
43.255,71.715,120,125
45.271,70.809,120
45.271,70.809,0,125
#PATH-POINTS-START Path
45.271,70.809,120,125
46.722,69.433,120
48.173,68.056,120
49.624,66.68,120
51.075,65.303,120
52.526,63.927,120
53.977,62.55,120
55.428,61.174,120
56.879,59.797,120
58.33,58.421,120
59.781,57.044,120
61.232,55.667,120
62.683,54.291,120
64.134,52.914,120
65.584,51.538,120
67.035,50.161,120
68.486,48.785,120
69.937,47.408,120
71.388,46.032,120
72.839,44.655,120
74.29,43.279,120
75.741,41.902,120
77.192,40.526,120
78.643,39.149,120
80.094,37.773,120
81.545,36.396,120
82.996,35.02,120
84.447,33.643,120
85.897,32.267,120
87.348,30.89,120
88.799,29.514,120
90.25,28.137,120
91.701,26.761,120
93.152,25.384,120
94.603,24.008,120
96.054,22.631,120
97.505,21.254,120
98.532,20.28,120,315
98.532,20.28,0,315
#PATH-POINTS-START Path
98.532,20.28,120,315
97.806,22.144,120
97.081,24.007,120
96.355,25.871,120
95.629,27.735,120
94.904,29.598,120
94.178,31.462,120
93.452,33.326,120
92.727,35.19,120
92.001,37.053,120
91.275,38.917,120
90.549,40.781,120
89.824,42.644,120
89.098,44.508,120
88.372,46.372,120
87.647,48.235,120
86.921,50.099,120
86.195,51.963,120
85.47,53.827,120
84.744,55.69,120
84.018,57.554,120
83.293,59.418,120
82.567,61.281,120
81.841,63.145,120
81.115,65.009,120
80.39,66.872,120
79.664,68.736,120
78.938,70.6,120
78.213,72.464,120
77.487,74.327,120
76.761,76.191,120
76.036,78.055,120
75.31,79.918,120
74.584,81.782,120
73.859,83.646,120
73.133,85.509,120
72.407,87.373,120
71.682,89.237,120
70.956,91.101,120
70.23,92.964,120
69.504,94.828,120
68.488,97.439,120,345
68.488,97.439,0,345
#PATH-POINTS-START Path
68.488,97.439,120,345
70.345,98.182,120
72.202,98.925,120
74.058,99.668,120
75.915,100.411,120
77.772,101.153,120
79.629,101.896,120
81.486,102.639,120
83.343,103.382,120
85.2,104.125,120
87.057,104.867,120
88.914,105.61,120
90.771,106.353,120
92.628,107.096,120
94.485,107.838,120
96.342,108.581,120
98.199,109.324,120
100.056,110.067,120
101.913,110.81,120
102.629,111.096,120,65
102.629,111.096,0,65
#PATH-POINTS-START Path
102.629,111.096,120,65
104.577,111.549,120
106.525,112.002,120
108.473,112.455,120
110.421,112.908,120
112.369,113.361,120
114.317,113.814,120
116.265,114.267,120
118.213,114.72,120
120.161,115.173,120
122.109,115.626,120
124.057,116.079,120
126.005,116.532,120
127.953,116.985,120
129.901,117.438,120
131.991,117.924,120,90
131.991,117.924,0,90
#PATH-POINTS-START Path
131.991,117.924,120,90
133.112,119.58,120
134.234,121.236,120
135.356,122.892,120
136.477,124.548,120
137.599,126.204,120
138.721,127.859,120
139.842,129.515,120
140.964,131.171,120
142.086,132.827,120
143.208,134.483,120
144.329,136.139,120
145.451,137.794,120
146.573,139.45,120
147.694,141.106,120
148.816,142.762,120
149.938,144.418,120
151.059,146.074,120
152.181,147.729,120
153.303,149.385,120
154.424,151.041,120
155.546,152.697,120
156.668,154.353,120
157.79,156.009,120
158.911,157.664,120
160.033,159.32,120
160.669,160.26,120,45
160.669,160.26,0,45
#PATH-POINTS-START Path
160.669,160.26,120,45
160.389,158.279,120
160.109,156.299,120
159.829,154.319,120
159.548,152.339,120
159.268,150.358,120
158.988,148.378,120
158.708,146.398,120
158.428,144.417,120
158.147,142.437,120
157.867,140.457,120
157.587,138.477,120
157.307,136.496,120
157.026,134.516,120
156.746,132.536,120
156.466,130.556,120
156.186,128.575,120
155.905,126.595,120
155.625,124.615,120
155.345,122.634,120
155.065,120.654,120
154.785,118.674,120
154.504,116.694,120
154.224,114.713,120
153.944,112.733,120
153.664,110.753,120
153.383,108.773,120
153.103,106.792,120
152.823,104.812,120
152.543,102.832,120
152.263,100.851,120
151.982,98.871,120
151.702,96.891,120
151.422,94.911,120
151.142,92.93,120
150.861,90.95,120
150.581,88.97,120
150.427,87.88,120,0
150.427,87.88,0,0
#PATH-POINTS-START Path
150.427,87.88,120,0
149.385,86.173,120
148.343,84.466,120
147.3,82.759,120
146.258,81.052,120
145.216,79.345,120
144.174,77.638,120
143.132,75.931,120
142.09,74.224,120
141.047,72.517,120
140.005,70.81,120
138.963,69.103,120
137.921,67.396,120
136.879,65.689,120
135.836,63.982,120
134.794,62.275,120
133.752,60.568,120
132.71,58.861,120
131.668,57.154,120
130.626,55.447,120
129.583,53.74,120
128.541,52.033,120
127.499,50.326,120
126.457,48.619,120
125.415,46.912,120
124.373,45.205,120
123.33,43.498,120
122.288,41.791,120
121.246,40.084,120
120.204,38.377,120
119.162,36.67,120
118.12,34.963,120
117.077,33.256,120
116.035,31.549,120
114.993,29.842,120
113.951,28.135,120
112.909,26.428,120
111.867,24.721,120
110.824,23.014,120
109.782,21.307,120
108.74,19.6,120
107.698,17.893,120
106.656,16.186,120
105.613,14.479,120
104.571,12.772,120
103.529,11.065,120
102.487,9.358,120
101.445,7.651,120
100.403,5.944,120
99.36,4.237,120
98.318,2.53,120
97.276,0.823,120
96.234,-0.884,120
95.192,-2.592,120
94.15,-4.299,120
93.107,-6.006,120
92.065,-7.713,120
91.023,-9.42,120
89.981,-11.127,120
88.939,-12.834,120
87.897,-14.541,120
86.854,-16.248,120
85.812,-17.955,120
84.77,-19.662,120
83.728,-21.369,120
82.686,-23.076,120
81.643,-24.783,120
80.601,-26.49,120
79.559,-28.197,120
78.517,-29.904,120
77.475,-31.611,120
76.433,-33.318,120
75.39,-35.025,120
74.348,-36.732,120
73.306,-38.439,120
72.264,-40.146,120
71.219,-41.857,120,215
71.219,-41.857,0,215
#PATH-POINTS-START Path
71.219,-41.857,120,215
70.946,-43.839,120
70.674,-45.82,120
70.402,-47.801,120
70.129,-49.783,120
69.857,-51.764,120
69.584,-53.745,120
69.312,-55.727,120
69.039,-57.708,120
68.767,-59.69,120
68.495,-61.671,120
68.222,-63.652,120
67.95,-65.634,120
67.677,-67.615,120
67.405,-69.596,120
67.132,-71.578,120
66.86,-73.559,120
66.587,-75.54,120
66.315,-77.522,120
66.043,-79.503,120
65.77,-81.484,120
65.498,-83.466,120
65.225,-85.447,120
64.953,-87.429,120
64.68,-89.41,120
64.408,-91.391,120
64.136,-93.373,120
63.863,-95.354,120
63.708,-96.484,120,190
63.708,-96.484,0,190
#PATH-POINTS-START Path
63.708,-96.484,120,190
65.565,-97.226,120
67.422,-97.969,120
69.279,-98.712,120
71.136,-99.455,120
72.993,-100.197,120
74.85,-100.94,120
76.706,-101.683,120
78.563,-102.426,120
80.42,-103.169,120
82.277,-103.911,120
84.134,-104.654,120
85.991,-105.397,120
87.848,-106.14,120
89.705,-106.882,120
91.562,-107.625,120
93.419,-108.368,120
95.276,-109.111,120
97.133,-109.854,120
98.99,-110.596,120
100.847,-111.339,120
101.263,-111.506,120,115
101.263,-111.506,0,115
#PATH-POINTS-START Path
101.263,-111.506,120,115
103.244,-111.782,120
105.225,-112.059,120
107.206,-112.335,120
109.187,-112.611,120
111.167,-112.888,120
113.148,-113.164,120
115.129,-113.44,120
117.11,-113.717,120
119.091,-113.993,120
121.071,-114.27,120
123.052,-114.546,120
125.033,-114.822,120
127.014,-115.099,120
128.995,-115.375,120
130.625,-115.603,120,90
130.625,-115.603,0,90
#PATH-POINTS-START Path
130.625,-115.603,120,90
131.724,-117.274,120
132.823,-118.945,120
133.921,-120.616,120
135.02,-122.287,120
136.119,-123.958,120
137.218,-125.629,120
138.317,-127.3,120
139.415,-128.972,120
140.514,-130.643,120
141.613,-132.314,120
142.712,-133.985,120
143.811,-135.656,120
144.909,-137.327,120
146.008,-138.998,120
147.107,-140.669,120
148.206,-142.34,120
149.305,-144.012,120
150.404,-145.683,120
151.502,-147.354,120
152.601,-149.025,120
153.7,-150.696,120
154.799,-152.367,120
155.898,-154.038,120
156.996,-155.709,120
158.095,-157.38,120
159.194,-159.052,120
160.293,-160.723,120
161.392,-162.394,120
162.49,-164.065,120
163.401,-165.449,120,315
163.401,-165.449,0,315
#PATH.JERRYIO-DATA {"appVersion":"0.8.3","format":"path.jerryio v0.1","gc":{"robotWidth":30,"robotHeight":30,"robotIsHolonomic":false,"showRobot":true,"uol":1,"pointDensity":2,"controlMagnetDistance":5,"fieldImage":{"displayName":"V5RC 2025 - High Stakes (Skills)","signature":"V5RC 2025 - High Stakes (Skills)","origin":{"__type":"built-in"}},"coordinateSystem":"VEX Gaming Positioning System"},"paths":[{"segments":[{"controls":[{"uid":"LHeAeKrMx4","x":-135.3364174685418,"y":3.5507031828275277,"lock":false,"visible":true,"heading":270,"__type":"end-point"},{"uid":"izIe4Ckoou","x":-126.80107327905255,"y":3.892116950407098,"lock":false,"visible":true,"__type":"control"},{"uid":"NwmYHJSx9e","x":-119.97279792746114,"y":-14.544226498889719,"lock":false,"visible":true,"__type":"control"},{"uid":"PsP4n5uToQ","x":-120.65562546262028,"y":-40.49167283493709,"lock":false,"visible":true,"heading":0,"__type":"end-point"}],"speedProfiles":[],"lookaheadKeyframes":[],"uid":"sUwyaPkteM"}],"pc":{"speedLimit":{"minLimit":{"value":0,"label":"0"},"maxLimit":{"value":600,"label":"600"},"step":1,"from":40,"to":120},"bentRateApplicableRange":{"minLimit":{"value":0,"label":"0"},"maxLimit":{"value":1,"label":"1"},"step":0.001,"from":0,"to":0.1}},"name":"Path 1","uid":"6zGa8MyPpB","lock":false,"visible":true},{"segments":[{"controls":[{"uid":"Zg0CL3TH5b","x":-120.65562546262028,"y":-40.49167283493709,"lock":false,"visible":true,"heading":0,"__type":"end-point"},{"uid":"qd2yGeZdxI","x":-101.19523279052554,"y":-50.39259511472984,"lock":false,"visible":true,"__type":"control"},{"uid":"iTCCi5fB9x","x":-100.17060732790526,"y":-39.80892227979275,"lock":false,"visible":true,"__type":"control"},{"uid":"B07Y12hCAk","x":-80.71,"y":-49.71,"lock":false,"visible":true,"heading":120,"__type":"end-point"}],"speedProfiles":[{"uid":"ptUcd0V4gp","xPos":0.43478260869565216,"yPos":1,"followBentRate":false}],"lookaheadKeyframes":[],"uid":"PMB4b5iDNM"}],"pc":{"speedLimit":{"minLimit":{"value":0,"label":"0"},"maxLimit":{"value":600,"label":"600"},"step":1,"from":40,"to":120},"bentRateApplicableRange":{"minLimit":{"value":0,"label":"0"},"maxLimit":{"value":1,"label":"1"},"step":0.001,"from":0,"to":0.1}},"name":"Path 2","uid":"TcyaWfiIRn","lock":false,"visible":true},{"segments":[{"controls":[{"uid":"pJQCdTBIKZ","x":-80.71,"y":-49.71,"lock":false,"visible":true,"heading":120,"__type":"end-point"},{"uid":"MFJaKfDNwO","x":-61.59104367135455,"y":-94.0936343449297,"lock":false,"visible":true,"heading":180,"__type":"end-point"}],"speedProfiles":[],"lookaheadKeyframes":[],"uid":"Q7iSG1v80P"}],"pc":{"speedLimit":{"minLimit":{"value":0,"label":"0"},"maxLimit":{"value":600,"label":"600"},"step":1,"from":40,"to":120},"bentRateApplicableRange":{"minLimit":{"value":0,"label":"0"},"maxLimit":{"value":1,"label":"1"},"step":0.001,"from":0,"to":0.1}},"name":"Path 3","uid":"FQrLvjyJsE","lock":false,"visible":true},{"segments":[{"controls":[{"uid":"9wEF8Mtu9N","x":-61.59104367135455,"y":-94.0936343449297,"lock":false,"visible":true,"heading":180,"__type":"end-point"},{"uid":"gKCXjoPIdp","x":-19.25573649148778,"y":-132.3319763138416,"lock":false,"visible":true,"heading":120,"__type":"end-point"}],"speedProfiles":[],"lookaheadKeyframes":[],"uid":"I5DojPXlHF"}],"pc":{"speedLimit":{"minLimit":{"value":0,"label":"0"},"maxLimit":{"value":600,"label":"600"},"step":1,"from":40,"to":120},"bentRateApplicableRange":{"minLimit":{"value":0,"label":"0"},"maxLimit":{"value":1,"label":"1"},"step":0.001,"from":0,"to":0.1}},"name":"Path 4","uid":"4KngObdFly","lock":false,"visible":true},{"segments":[{"controls":[{"uid":"0VZtF5WjUL","x":-19.25573649148778,"y":-132.3319763138416,"lock":false,"visible":true,"heading":120,"__type":"end-point"},{"uid":"KxiwUS0X3m","x":-99.82938564026647,"y":-118.67542561065878,"lock":false,"visible":true,"heading":270,"__type":"end-point"}],"speedProfiles":[],"lookaheadKeyframes":[],"uid":"heVwg4GEzH"}],"pc":{"speedLimit":{"minLimit":{"value":0,"label":"0"},"maxLimit":{"value":600,"label":"600"},"step":1,"from":40,"to":120},"bentRateApplicableRange":{"minLimit":{"value":0,"label":"0"},"maxLimit":{"value":1,"label":"1"},"step":0.001,"from":0,"to":0.1}},"name":"Path 5","uid":"v1fGmrUR6M","lock":false,"visible":true},{"segments":[{"controls":[{"uid":"3vQjUj8GXu","x":-99.82938564026647,"y":-118.67542561065878,"lock":false,"visible":true,"heading":270,"__type":"end-point"},{"uid":"vAATNYWCWd","x":-130.55662472242784,"y":-118.67542561065878,"lock":false,"visible":true,"heading":270,"__type":"end-point"}],"speedProfiles":[],"lookaheadKeyframes":[],"uid":"D0l4zak7oP"}],"pc":{"speedLimit":{"minLimit":{"value":0,"label":"0"},"maxLimit":{"value":600,"label":"600"},"step":1,"from":40,"to":120},"bentRateApplicableRange":{"minLimit":{"value":0,"label":"0"},"maxLimit":{"value":1,"label":"1"},"step":0.001,"from":0,"to":0.1}},"name":"Path","uid":"f8y5A9pJg0","lock":false,"visible":true},{"segments":[{"controls":[{"uid":"ZsYaVINmNa","x":-130.55662472242784,"y":-118.67542561065878,"lock":false,"visible":true,"heading":270,"__type":"end-point"},{"uid":"8W0bcCqabf","x":-118.94855662472243,"y":-131.99056254626205,"lock":false,"visible":true,"heading":180,"__type":"end-point"}],"speedProfiles":[],"lookaheadKeyframes":[],"uid":"DebBvvtGZa"}],"pc":{"speedLimit":{"minLimit":{"value":0,"label":"0"},"maxLimit":{"value":600,"label":"600"},"step":1,"from":40,"to":120},"bentRateApplicableRange":{"minLimit":{"value":0,"label":"0"},"maxLimit":{"value":1,"label":"1"},"step":0.001,"from":0,"to":0.1}},"name":"Path","uid":"8o0SgNC2GS","lock":false,"visible":true},{"segments":[{"controls":[{"uid":"oKon2QPlBp","x":-118.94855662472243,"y":-131.99056254626205,"lock":false,"visible":true,"heading":180,"__type":"end-point"},{"uid":"toKQI1Gbqf","x":-159.23538119911177,"y":-162.71780162842342,"lock":false,"visible":true,"heading":45,"__type":"end-point"}],"speedProfiles":[],"lookaheadKeyframes":[],"uid":"nBmxFzPkJm"}],"pc":{"speedLimit":{"minLimit":{"value":0,"label":"0"},"maxLimit":{"value":600,"label":"600"},"step":1,"from":40,"to":120},"bentRateApplicableRange":{"minLimit":{"value":0,"label":"0"},"maxLimit":{"value":1,"label":"1"},"step":0.001,"from":0,"to":0.1}},"name":"Path","uid":"cCNDFI3MPd","lock":false,"visible":true},{"segments":[{"controls":[{"uid":"shselyscfg","x":-159.23538119911177,"y":-162.71780162842342,"lock":false,"visible":true,"heading":45,"__type":"end-point"},{"uid":"sAB1OGcMWj","x":-119.631,"y":29.908,"lock":false,"visible":true,"heading":180,"__type":"end-point"}],"speedProfiles":[],"lookaheadKeyframes":[],"uid":"DHPpDozK2t"}],"pc":{"speedLimit":{"minLimit":{"value":0,"label":"0"},"maxLimit":{"value":600,"label":"600"},"step":1,"from":40,"to":120},"bentRateApplicableRange":{"minLimit":{"value":0,"label":"0"},"maxLimit":{"value":1,"label":"1"},"step":0.001,"from":0,"to":0.1}},"name":"Path","uid":"qW8vMPDFse","lock":false,"visible":true},{"segments":[{"controls":[{"uid":"jTSgQ1H4PV","x":-119.631,"y":29.908,"lock":false,"visible":true,"heading":180,"__type":"end-point"},{"uid":"rgvdPM0z4l","x":-80.7102146558105,"y":49.709844559585505,"lock":false,"visible":true,"heading":60,"__type":"end-point"}],"speedProfiles":[],"lookaheadKeyframes":[],"uid":"PMB4b5iDNM"}],"pc":{"speedLimit":{"minLimit":{"value":0,"label":"0"},"maxLimit":{"value":600,"label":"600"},"step":1,"from":40,"to":120},"bentRateApplicableRange":{"minLimit":{"value":0,"label":"0"},"maxLimit":{"value":1,"label":"1"},"step":0.001,"from":0,"to":0.1}},"name":"Path 2","uid":"1qWkMwU6OY","lock":false,"visible":true},{"segments":[{"controls":[{"uid":"cNPumQusLr","x":-80.7102146558105,"y":49.709844559585505,"lock":false,"visible":true,"heading":60,"__type":"end-point"},{"uid":"4pSSg4g9EX","x":-61.59104367135455,"y":94.0936343449297,"lock":false,"visible":true,"heading":0,"__type":"end-point"}],"speedProfiles":[],"lookaheadKeyframes":[],"uid":"Q7iSG1v80P"}],"pc":{"speedLimit":{"minLimit":{"value":0,"label":"0"},"maxLimit":{"value":600,"label":"600"},"step":1,"from":40,"to":120},"bentRateApplicableRange":{"minLimit":{"value":0,"label":"0"},"maxLimit":{"value":1,"label":"1"},"step":0.001,"from":0,"to":0.1}},"name":"Path 3","uid":"kt3ltFoP83","lock":false,"visible":true},{"segments":[{"controls":[{"uid":"wmlsnKD1Xs","x":-61.59104367135455,"y":94.0936343449297,"lock":false,"visible":true,"heading":0,"__type":"end-point"},{"uid":"3bIxoCpqaR","x":-19.25573649148778,"y":132.3319763138416,"lock":false,"visible":true,"heading":40,"__type":"end-point"}],"speedProfiles":[],"lookaheadKeyframes":[],"uid":"I5DojPXlHF"}],"pc":{"speedLimit":{"minLimit":{"value":0,"label":"0"},"maxLimit":{"value":600,"label":"600"},"step":1,"from":40,"to":120},"bentRateApplicableRange":{"minLimit":{"value":0,"label":"0"},"maxLimit":{"value":1,"label":"1"},"step":0.001,"from":0,"to":0.1}},"name":"Path 4","uid":"VY0bXA69if","lock":false,"visible":true},{"segments":[{"controls":[{"uid":"f58xuwJEDq","x":-19.25573649148778,"y":132.3319763138416,"lock":false,"visible":true,"heading":40,"__type":"end-point"},{"uid":"bjqsCalCoq","x":-99.82938564026647,"y":118.67542561065878,"lock":false,"visible":true,"heading":270,"__type":"end-point"}],"speedProfiles":[],"lookaheadKeyframes":[],"uid":"heVwg4GEzH"}],"pc":{"speedLimit":{"minLimit":{"value":0,"label":"0"},"maxLimit":{"value":600,"label":"600"},"step":1,"from":40,"to":120},"bentRateApplicableRange":{"minLimit":{"value":0,"label":"0"},"maxLimit":{"value":1,"label":"1"},"step":0.001,"from":0,"to":0.1}},"name":"Path 5","uid":"Kocb0AfaRV","lock":false,"visible":true},{"segments":[{"controls":[{"uid":"Qt52QDY7C1","x":-99.82938564026647,"y":118.67542561065878,"lock":false,"visible":true,"heading":270,"__type":"end-point"},{"uid":"d2kMzuASUd","x":-130.55662472242784,"y":118.67542561065878,"lock":false,"visible":true,"heading":270,"__type":"end-point"}],"speedProfiles":[],"lookaheadKeyframes":[],"uid":"D0l4zak7oP"}],"pc":{"speedLimit":{"minLimit":{"value":0,"label":"0"},"maxLimit":{"value":600,"label":"600"},"step":1,"from":40,"to":120},"bentRateApplicableRange":{"minLimit":{"value":0,"label":"0"},"maxLimit":{"value":1,"label":"1"},"step":0.001,"from":0,"to":0.1}},"name":"Path","uid":"dZQ8iep3vq","lock":false,"visible":true},{"segments":[{"controls":[{"uid":"fN8md634wD","x":-130.55662472242784,"y":118.67542561065878,"lock":false,"visible":true,"heading":270,"__type":"end-point"},{"uid":"Cntc0xuxvS","x":-118.94855662472243,"y":131.99056254626205,"lock":false,"visible":true,"heading":0,"__type":"end-point"}],"speedProfiles":[],"lookaheadKeyframes":[],"uid":"DebBvvtGZa"}],"pc":{"speedLimit":{"minLimit":{"value":0,"label":"0"},"maxLimit":{"value":600,"label":"600"},"step":1,"from":40,"to":120},"bentRateApplicableRange":{"minLimit":{"value":0,"label":"0"},"maxLimit":{"value":1,"label":"1"},"step":0.001,"from":0,"to":0.1}},"name":"Path","uid":"XbZcKUq42g","lock":false,"visible":true},{"segments":[{"controls":[{"uid":"DhFqK6XHDb","x":-118.94855662472243,"y":131.99056254626205,"lock":false,"visible":true,"heading":0,"__type":"end-point"},{"uid":"Vf1qwxRODE","x":-159.23538119911177,"y":162.71780162842342,"lock":false,"visible":true,"heading":125,"__type":"end-point"}],"speedProfiles":[],"lookaheadKeyframes":[],"uid":"nBmxFzPkJm"}],"pc":{"speedLimit":{"minLimit":{"value":0,"label":"0"},"maxLimit":{"value":600,"label":"600"},"step":1,"from":40,"to":120},"bentRateApplicableRange":{"minLimit":{"value":0,"label":"0"},"maxLimit":{"value":1,"label":"1"},"step":0.001,"from":0,"to":0.1}},"name":"Path","uid":"xHx6OPEzcW","lock":false,"visible":true},{"segments":[{"controls":[{"uid":"a4LMfixI0y","x":-159.23538119911177,"y":162.71780162842342,"lock":false,"visible":true,"heading":125,"__type":"end-point"},{"uid":"7nl4uxeHOk","x":45.27146558105108,"y":70.80921539600295,"lock":false,"visible":true,"heading":125,"__type":"end-point"}],"speedProfiles":[],"lookaheadKeyframes":[],"uid":"tzIPxfG0d7"}],"pc":{"speedLimit":{"minLimit":{"value":0,"label":"0"},"maxLimit":{"value":600,"label":"600"},"step":1,"from":40,"to":120},"bentRateApplicableRange":{"minLimit":{"value":0,"label":"0"},"maxLimit":{"value":1,"label":"1"},"step":0.001,"from":0,"to":0.1}},"name":"Path","uid":"gHzvt9B1xN","lock":false,"visible":true},{"segments":[{"controls":[{"uid":"MhZHU4uj1b","x":45.27146558105108,"y":70.80921539600295,"lock":false,"visible":true,"heading":125,"__type":"end-point"},{"uid":"b1U1ZVkQ2r","x":98.53201332346411,"y":20.279977794226493,"lock":false,"visible":true,"heading":315,"__type":"end-point"}],"speedProfiles":[],"lookaheadKeyframes":[],"uid":"QecasJcL41"}],"pc":{"speedLimit":{"minLimit":{"value":0,"label":"0"},"maxLimit":{"value":600,"label":"600"},"step":1,"from":40,"to":120},"bentRateApplicableRange":{"minLimit":{"value":0,"label":"0"},"maxLimit":{"value":1,"label":"1"},"step":0.001,"from":0,"to":0.1}},"name":"Path","uid":"gYFueQRksc","lock":false,"visible":true},{"segments":[{"controls":[{"uid":"AWi8JvhlwY","x":98.53201332346411,"y":20.279977794226493,"lock":false,"visible":true,"heading":315,"__type":"end-point"},{"uid":"1es6nBbwmZ","x":68.48760177646189,"y":97.43948926720947,"lock":false,"visible":true,"heading":345,"__type":"end-point"}],"speedProfiles":[],"lookaheadKeyframes":[],"uid":"1rKRVqvgFs"}],"pc":{"speedLimit":{"minLimit":{"value":0,"label":"0"},"maxLimit":{"value":600,"label":"600"},"step":1,"from":40,"to":120},"bentRateApplicableRange":{"minLimit":{"value":0,"label":"0"},"maxLimit":{"value":1,"label":"1"},"step":0.001,"from":0,"to":0.1}},"name":"Path","uid":"Mfn3fbpwrg","lock":false,"visible":true},{"segments":[{"controls":[{"uid":"3Aj5TlI0z3","x":68.48760177646189,"y":97.43948926720947,"lock":false,"visible":true,"heading":345,"__type":"end-point"},{"uid":"rhur5LRmbU","x":102.62897853441896,"y":111.0960399703923,"lock":false,"visible":true,"heading":65,"__type":"end-point"}],"speedProfiles":[],"lookaheadKeyframes":[],"uid":"Eiw3yr7F8P"}],"pc":{"speedLimit":{"minLimit":{"value":0,"label":"0"},"maxLimit":{"value":600,"label":"600"},"step":1,"from":40,"to":120},"bentRateApplicableRange":{"minLimit":{"value":0,"label":"0"},"maxLimit":{"value":1,"label":"1"},"step":0.001,"from":0,"to":0.1}},"name":"Path","uid":"2mthGS2tGC","lock":false,"visible":true},{"segments":[{"controls":[{"uid":"oSRHXIDJRR","x":102.62897853441896,"y":111.0960399703923,"lock":false,"visible":true,"heading":65,"__type":"end-point"},{"uid":"LblN6P5IYV","x":131.99056254626205,"y":117.92431532198371,"lock":false,"visible":true,"heading":90,"__type":"end-point"}],"speedProfiles":[],"lookaheadKeyframes":[],"uid":"tZ9zMAo9dp"}],"pc":{"speedLimit":{"minLimit":{"value":0,"label":"0"},"maxLimit":{"value":600,"label":"600"},"step":1,"from":40,"to":120},"bentRateApplicableRange":{"minLimit":{"value":0,"label":"0"},"maxLimit":{"value":1,"label":"1"},"step":0.001,"from":0,"to":0.1}},"name":"Path","uid":"VJ1dbCgwot","lock":false,"visible":true},{"segments":[{"controls":[{"uid":"tV36Y9F7bU","x":131.99056254626205,"y":117.92431532198371,"lock":false,"visible":true,"heading":90,"__type":"end-point"},{"uid":"wojs9u6vat","x":160.66931902294598,"y":160.2596225018505,"lock":false,"visible":true,"heading":45,"__type":"end-point"}],"speedProfiles":[],"lookaheadKeyframes":[],"uid":"BX2s2pS4wH"}],"pc":{"speedLimit":{"minLimit":{"value":0,"label":"0"},"maxLimit":{"value":600,"label":"600"},"step":1,"from":40,"to":120},"bentRateApplicableRange":{"minLimit":{"value":0,"label":"0"},"maxLimit":{"value":1,"label":"1"},"step":0.001,"from":0,"to":0.1}},"name":"Path","uid":"YGY5x0HbHN","lock":false,"visible":true},{"segments":[{"controls":[{"uid":"YVPUmulxui","x":160.66931902294598,"y":160.2596225018505,"lock":false,"visible":true,"heading":45,"__type":"end-point"},{"uid":"GK00GQ4S93","x":150.42690599555885,"y":87.87990377498149,"lock":false,"visible":true,"heading":0,"__type":"end-point"}],"speedProfiles":[],"lookaheadKeyframes":[],"uid":"7U1IWzndpn"}],"pc":{"speedLimit":{"minLimit":{"value":0,"label":"0"},"maxLimit":{"value":600,"label":"600"},"step":1,"from":40,"to":120},"bentRateApplicableRange":{"minLimit":{"value":0,"label":"0"},"maxLimit":{"value":1,"label":"1"},"step":0.001,"from":0,"to":0.1}},"name":"Path","uid":"ojShO2HVYj","lock":false,"visible":true},{"segments":[{"controls":[{"uid":"XT8IR6l9vu","x":150.42690599555885,"y":87.87990377498149,"lock":false,"visible":true,"heading":0,"__type":"end-point"},{"uid":"D7CW8cwKdb","x":71.21891191709845,"y":-41.857327905255374,"lock":false,"visible":true,"heading":215,"__type":"end-point"}],"speedProfiles":[],"lookaheadKeyframes":[],"uid":"WfBFO1Cyt4"}],"pc":{"speedLimit":{"minLimit":{"value":0,"label":"0"},"maxLimit":{"value":600,"label":"600"},"step":1,"from":40,"to":120},"bentRateApplicableRange":{"minLimit":{"value":0,"label":"0"},"maxLimit":{"value":1,"label":"1"},"step":0.001,"from":0,"to":0.1}},"name":"Path","uid":"fTp9aN7atu","lock":false,"visible":true},{"segments":[{"controls":[{"uid":"mAtkrfxhHg","x":71.21891191709845,"y":-41.857327905255374,"lock":false,"visible":true,"heading":215,"__type":"end-point"},{"uid":"j4Oyf7oBTr","x":63.7078090303479,"y":-96.48353071798668,"lock":false,"visible":true,"heading":190,"__type":"end-point"}],"speedProfiles":[],"lookaheadKeyframes":[],"uid":"2XvMCohQSB"}],"pc":{"speedLimit":{"minLimit":{"value":0,"label":"0"},"maxLimit":{"value":600,"label":"600"},"step":1,"from":40,"to":120},"bentRateApplicableRange":{"minLimit":{"value":0,"label":"0"},"maxLimit":{"value":1,"label":"1"},"step":0.001,"from":0,"to":0.1}},"name":"Path","uid":"SlUWjUyABh","lock":false,"visible":true},{"segments":[{"controls":[{"uid":"8wlnfQsCiK","x":63.7078090303479,"y":-96.48353071798668,"lock":false,"visible":true,"heading":190,"__type":"end-point"},{"uid":"NhBdcSz9Co","x":101.26332346410068,"y":-111.5057364914878,"lock":false,"visible":true,"heading":115,"__type":"end-point"}],"speedProfiles":[],"lookaheadKeyframes":[],"uid":"3rAYhr7e2T"}],"pc":{"speedLimit":{"minLimit":{"value":0,"label":"0"},"maxLimit":{"value":600,"label":"600"},"step":1,"from":40,"to":120},"bentRateApplicableRange":{"minLimit":{"value":0,"label":"0"},"maxLimit":{"value":1,"label":"1"},"step":0.001,"from":0,"to":0.1}},"name":"Path","uid":"2qrkvjbaFD","lock":false,"visible":true},{"segments":[{"controls":[{"uid":"KGBpP7kUId","x":101.26332346410068,"y":-111.5057364914878,"lock":false,"visible":true,"heading":115,"__type":"end-point"},{"uid":"JG7gmRyZ6M","x":130.62490747594376,"y":-115.60270170244264,"lock":false,"visible":true,"heading":90,"__type":"end-point"}],"speedProfiles":[],"lookaheadKeyframes":[],"uid":"4Ts9xdpmLi"}],"pc":{"speedLimit":{"minLimit":{"value":0,"label":"0"},"maxLimit":{"value":600,"label":"600"},"step":1,"from":40,"to":120},"bentRateApplicableRange":{"minLimit":{"value":0,"label":"0"},"maxLimit":{"value":1,"label":"1"},"step":0.001,"from":0,"to":0.1}},"name":"Path","uid":"JLc7GKaJ80","lock":false,"visible":true},{"segments":[{"controls":[{"uid":"TTp88hasnn","x":130.62490747594376,"y":-115.60270170244264,"lock":false,"visible":true,"heading":90,"__type":"end-point"},{"uid":"92LCpVA71a","x":163.40062916358255,"y":-165.44911176905998,"lock":false,"visible":true,"heading":315,"__type":"end-point"}],"speedProfiles":[],"lookaheadKeyframes":[],"uid":"mT8ByQzDPb"}],"pc":{"speedLimit":{"minLimit":{"value":0,"label":"0"},"maxLimit":{"value":600,"label":"600"},"step":1,"from":40,"to":120},"bentRateApplicableRange":{"minLimit":{"value":0,"label":"0"},"maxLimit":{"value":1,"label":"1"},"step":0.001,"from":0,"to":0.1}},"name":"Path","uid":"QQy4I3c1kI","lock":false,"visible":true}]}